101
	110	 53.6540 195.0283
	104	22.9460	118.6199	
9999 0 0	
104
	101	22.9760	318.6498	
	105	31.1380	54.6805		
9999 0 0
105
	104	31.1290	254.6840	
	42	8.1460	382.9165	
9999 0 0
42
	105	8.1050	182.8905	
	46	26.3250	89.0444		
9999 0 0
46
	42	26.3200	289.0449	
	53	42.8890	179.3272	
9999 0 0
53	
	46	42.8970	379.3264		
	60	33.7730	228.9508		
9999 0 0
60	
	53	33.7660	28.9512			
	228	29.863	299.1693		
9999 0 0
228	
	60	29.861	99.1763		
	110	35.062	284.9647		
9999 0 0
110
	228	35.064	84.9656			
	101	53.659	394.9962		
9999 0 0


