<<<<<<< HEAD
101
	104	22.9460 118.6199
	1   	23.2360 386.4592
	2   	26.4470 00.5852
	3	21.5070	03.7752
	4	15.442	12.0503
	5	15.513	13.1083	
	6	12.8160	18.0509
9999 0 0 
=======
105
	104	31.1290	254.6840			
	28	4.1790	328.0715		
	29	5.2440	342.0756		
	30	6.6930	351.6245			
	31	6.8400	399.9668	
	32	6.2660	1.5056			
	33	6.345	4.4873			
	34	3.8420	13.8999			
	35	3.4990	16.7061			
	36	9.7120	172.7482		
	37	24.5900	179.6085			
	38	23.5060	181.4461		
	39	23.4960	182.7921			
	40	23.5180	186.3053		
	41	23.5520	187.8753			
	42	8.1460	382.9165		
9999 0 0
>>>>>>> 686e6533957f0270993d907d630814107bdfe0aa
